860,10
860,9
860,8
889,4
889,3
889,2
889,1
889,0
888,3
888,2
888,1
888,0
887,5
887,4
887,3
887,2
887,1
887,0
886,4
886,3
886,2
886,1
886,0
885,3
885,2
885,1
885,0
884,5
884,4
884,3
884,2
884,1
884,0
883,4
883,3
883,2
883,1
883,0
882,3
882,2
882,1
882,0
881,3
881,2
881,1
881,0
880,6
880,5
880,4
880,3
880,2
880,1
880,0
879,5
879,4
879,3
879,2
879,1
879,0
878,4
878,3
878,2
878,1
878,0
877,3
877,2
877,1
877,0
876,3
876,2
876,1
876,0
875,3
875,2
875,1
875,0
874,3
874,2
874,1
874,0
873,3
873,2
873,1
873,0
872,3
872,2
872,1
872,0
871,4
871,3
871,2
871,1
871,0
870,3
870,2
870,1
870,0
869,3
869,2
869,1
869,0
868,5
868,4
868,3
868,2
868,1
868,0
867,4
867,3
867,2
867,1
867,0
866,3
866,2
866,1
866,0
865,4
865,3
865,2
865,1
865,0
864,3
864,2
864,1
864,0
863,5
863,4
863,3
863,2
863,1
863,0
862,4
862,3
862,2
862,1
862,0
861,3
861,2
861,1
861,0
860,7
860,6
860,5
860,4
860,3
860,2
860,1
860,0
859,5
859,4
859,3
859,2
859,1
859,0
858,4
858,3
858,2
858,1
858,0
857,3
857,2
857,1
857,0
856,4
856,3
856,2
856,1
856,0
855,5
855,4
855,3
855,2
855,1
855,0
854,3
854,2
854,1
854,0
853,3
853,2
853,1
853,0
852,4
852,3
852,2
852,1
852,0
851,4
851,3
851,2
851,1
851,0
850,4
850,3
850,2
850,1
850,0
849,3
849,2
849,1
849,0
819,10
819,9
819,8
848,4
848,3
848,2
848,1
848,0
847,3
847,2
847,1
847,0
846,5
846,4
846,3
846,2
846,1
846,0
845,4
845,3
845,2
845,1
845,0
844,3
844,2
844,1
844,0
843,5
843,4
843,3
843,2
843,1
843,0
842,4
842,3
842,2
842,1
842,0
841,3
841,2
841,1
841,0
840,3
840,2
840,1
840,0
839,6
839,5
839,4
839,3
839,2
839,1
839,0
838,5
838,4
838,3
838,2
838,1
838,0
837,4
837,3
837,2
837,1
837,0
836,3
836,2
836,1
836,0
835,3
835,2
835,1
835,0
834,3
834,2
834,1
834,0
833,3
833,2
833,1
833,0
832,3
832,2
832,1
832,0
831,3
831,2
831,1
831,0
830,4
830,3
830,2
830,1
830,0
829,3
829,2
829,1
829,0
828,3
828,2
828,1
828,0
827,5
827,4
827,3
827,2
827,1
827,0
826,4
826,3
826,2
826,1
826,0
825,3
825,2
825,1
825,0
824,4
824,3
824,2
824,1
824,0
823,3
823,2
823,1
823,0
822,5
822,4
822,3
822,2
822,1
822,0
821,4
821,3
821,2
821,1
821,0
820,3
820,2
820,1
820,0
819,7
819,6
819,5
819,4
819,3
819,2
819,1
819,0
818,5
818,4
818,3
818,2
818,1
818,0
817,4
817,3
817,2
817,1
817,0
816,3
816,2
816,1
816,0
815,4
815,3
815,2
815,1
815,0
814,5
814,4
814,3
814,2
814,1
814,0
813,3
813,2
813,1
813,0
812,3
812,2
812,1
812,0
811,4
811,3
811,2
811,1
811,0
810,4
810,3
810,2
810,1
810,0
809,4
809,3
809,2
809,1
809,0
808,3
808,2
808,1
808,0
778,10
778,9
778,8
807,4
807,3
807,2
807,1
807,0
806,3
806,2
806,1
806,0
805,5
805,4
805,3
805,2
805,1
805,0
804,4
804,3
804,2
804,1
804,0
803,3
803,2
803,1
803,0
802,5
802,4
802,3
802,2
802,1
802,0
801,4
801,3
801,2
801,1
801,0
800,3
800,2
800,1
800,0
799,3
799,2
799,1
799,0
798,6
798,5
798,4
798,3
798,2
798,1
798,0
797,5
797,4
797,3
797,2
797,1
797,0
796,4
796,3
796,2
796,1
796,0
795,3
795,2
795,1
795,0
794,3
794,2
794,1
794,0
793,3
793,2
793,1
793,0
792,3
792,2
792,1
792,0
791,3
791,2
791,1
791,0
790,3
790,2
790,1
790,0
789,4
789,3
789,2
789,1
789,0
788,3
788,2
788,1
788,0
787,3
787,2
787,1
787,0
786,5
786,4
786,3
786,2
786,1
786,0
785,4
785,3
785,2
785,1
785,0
784,3
784,2
784,1
784,0
783,4
783,3
783,2
783,1
783,0
782,3
782,2
782,1
782,0
781,5
781,4
781,3
781,2
781,1
781,0
780,4
780,3
780,2
780,1
780,0
779,3
779,2
779,1
779,0
778,7
778,6
778,5
778,4
778,3
778,2
778,1
778,0
777,5
777,4
777,3
777,2
777,1
777,0
776,4
776,3
776,2
776,1
776,0
775,3
775,2
775,1
775,0
774,4
774,3
774,2
774,1
774,0
773,5
773,4
773,3
773,2
773,1
773,0
772,3
772,2
772,1
772,0
771,3
771,2
771,1
771,0
770,4
770,3
770,2
770,1
770,0
769,4
769,3
769,2
769,1
769,0
768,4
768,3
768,2
768,1
768,0
767,3
767,2
767,1
767,0
737,39
737,38
733,7
732,11
757,10
745,10
737,37
730,6
737,36
737,35
757,9
742,7
737,34
737,33
757,8
757,7
737,32
737,31
732,10
727,8
737,30
737,29
745,9
737,28
733,6
733,5
730,5
730,4
742,6
742,5
737,27
737,26
732,9
737,25
737,24
737,23
737,22
727,7
745,8
737,21
737,20
737,19
737,18
732,8
745,7
745,6
737,17
737,16
727,6
727,5
737,15
737,14
732,7
732,6
737,13
737,12
737,11
737,10
737,9
737,8
766,4
766,3
766,2
766,1
766,0
765,3
765,2
765,1
765,0
764,5
764,4
764,3
764,2
764,1
764,0
763,4
763,3
763,2
763,1
763,0
762,3
762,2
762,1
762,0
761,5
761,4
761,3
761,2
761,1
761,0
760,4
760,3
760,2
760,1
760,0
759,3
759,2
759,1
759,0
758,3
758,2
758,1
758,0
757,6
757,5
757,4
757,3
757,2
757,1
757,0
756,5
756,4
756,3
756,2
756,1
756,0
755,4
755,3
755,2
755,1
755,0
754,3
754,2
754,1
754,0
753,3
753,2
753,1
753,0
752,3
752,2
752,1
752,0
751,3
751,2
751,1
751,0
750,3
750,2
750,1
750,0
749,3
749,2
749,1
749,0
748,4
748,3
748,2
748,1
748,0
747,3
747,2
747,1
747,0
746,3
746,2
746,1
746,0
745,5
745,4
745,3
745,2
745,1
745,0
744,4
744,3
744,2
744,1
744,0
743,3
743,2
743,1
743,0
742,4
742,3
742,2
742,1
742,0
741,3
741,2
741,1
741,0
740,5
740,4
740,3
740,2
740,1
740,0
739,4
739,3
739,2
739,1
739,0
738,3
738,2
738,1
738,0
737,7
737,6
737,5
737,4
737,3
737,2
737,1
737,0
736,5
736,4
736,3
736,2
736,1
736,0
735,4
735,3
735,2
735,1
735,0
734,3
734,2
734,1
734,0
733,4
733,3
733,2
733,1
733,0
732,5
732,4
732,3
732,2
732,1
732,0
731,3
731,2
731,1
731,0
730,3
730,2
730,1
730,0
729,4
729,3
729,2
729,1
729,0
728,4
728,3
728,2
728,1
728,0
727,4
727,3
727,2
727,1
727,0
726,3
726,2
726,1
726,0
725,4
725,3
725,2
725,1
725,0
724,3
724,2
724,1
724,0
723,3
723,2
723,1
723,0
722,5
722,4
722,3
722,2
722,1
722,0
721,4
721,3
721,2
721,1
721,0
720,3
720,2
720,1
720,0
719,5
719,4
719,3
719,2
719,1
719,0
718,4
718,3
718,2
718,1
718,0
717,3
717,2
717,1
717,0
716,3
716,2
716,1
716,0
686,10
686,9
686,8
715,4
715,3
715,2
715,1
715,0
714,3
714,2
714,1
714,0
713,5
713,4
713,3
713,2
713,1
713,0
712,4
712,3
712,2
712,1
712,0
711,3
711,2
711,1
711,0
710,5
710,4
710,3
710,2
710,1
710,0
709,4
709,3
709,2
709,1
709,0
708,3
708,2
708,1
708,0
707,3
707,2
707,1
707,0
706,6
706,5
706,4
706,3
706,2
706,1
706,0
705,5
705,4
705,3
705,2
705,1
705,0
704,4
704,3
704,2
704,1
704,0
703,3
703,2
703,1
703,0
702,3
702,2
702,1
702,0
701,3
701,2
701,1
701,0
700,3
700,2
700,1
700,0
699,3
699,2
699,1
699,0
698,3
698,2
698,1
698,0
697,4
697,3
697,2
697,1
697,0
696,3
696,2
696,1
696,0
695,3
695,2
695,1
695,0
694,5
694,4
694,3
694,2
694,1
694,0
693,4
693,3
693,2
693,1
693,0
692,3
692,2
692,1
692,0
691,4
691,3
691,2
691,1
691,0
690,3
690,2
690,1
690,0
689,5
689,4
689,3
689,2
689,1
689,0
688,4
688,3
688,2
688,1
688,0
687,3
687,2
687,1
687,0
686,7
686,6
686,5
686,4
686,3
686,2
686,1
686,0
685,5
685,4
685,3
685,2
685,1
685,0
684,4
684,3
684,2
684,1
684,0
683,3
683,2
683,1
683,0
682,4
682,3
682,2
682,1
682,0
681,5
681,4
681,3
681,2
681,1
681,0
680,3
680,2
680,1
680,0
679,3
679,2
679,1
679,0
678,4
678,3
678,2
678,1
678,0
677,4
677,3
677,2
677,1
677,0
676,4
676,3
676,2
676,1
676,0
675,5
675,4
675,3
675,2
675,1
675,0
674,4
674,3
674,2
674,1
674,0
673,3
673,2
673,1
673,0
672,5
672,4
672,3
672,2
672,1
672,0
671,4
671,3
671,2
671,1
671,0
670,3
670,2
670,1
670,0
669,3
669,2
669,1
669,0
668,6
668,5
668,4
668,3
668,2
668,1
668,0
667,5
667,4
667,3
667,2
667,1
667,0
666,4
666,3
666,2
666,1
666,0
665,3
665,2
665,1
665,0
664,3
664,2
664,1
664,0
663,3
663,2
663,1
663,0
662,3
662,2
662,1
662,0
661,3
661,2
661,1
661,0
660,3
660,2
660,1
660,0
659,4
659,3
659,2
659,1
659,0
658,3
658,2
658,1
658,0
657,3
657,2
657,1
657,0
656,5
656,4
656,3
656,2
656,1
656,0
655,4
655,3
655,2
655,1
655,0
654,3
654,2
654,1
654,0
653,4
653,3
653,2
653,1
653,0
652,3
652,2
652,1
652,0
651,5
651,4
651,3
651,2
651,1
651,0
650,4
650,3
650,2
650,1
650,0
649,3
649,2
649,1
649,0
648,7
648,6
648,5
648,4
648,3
648,2
648,1
648,0
647,5
647,4
647,3
647,2
647,1
647,0
646,4
646,3
646,2
646,1
646,0
645,3
645,2
645,1
645,0
644,4
644,3
644,2
644,1
644,0
643,5
643,4
643,3
643,2
643,1
643,0
642,3
642,2
642,1
642,0
641,3
641,2
641,1
641,0
640,4
640,3
640,2
640,1
640,0
639,4
639,3
639,2
639,1
639,0
638,4
638,3
638,2
638,1
638,0
637,5
637,4
637,3
637,2
637,1
637,0
636,4
636,3
636,2
636,1
636,0
635,3
635,2
635,1
635,0
634,3
634,2
634,1
634,0
633,6
633,5
633,4
633,3
633,2
633,1
633,0
632,5
632,4
632,3
632,2
632,1
632,0
631,4
631,3
631,2
631,1
631,0
630,3
630,2
630,1
630,0
629,3
629,2
629,1
629,0
628,3
628,2
628,1
628,0
627,3
627,2
627,1
627,0
626,3
626,2
626,1
626,0
625,3
625,2
625,1
625,0
624,4
624,3
624,2
624,1
624,0
623,3
623,2
623,1
623,0
622,3
622,2
622,1
622,0
621,5
621,4
621,3
621,2
621,1
621,0
620,4
620,3
620,2
620,1
620,0
619,3
619,2
619,1
619,0
618,4
618,3
618,2
618,1
618,0
617,3
617,2
617,1
617,0
616,5
616,4
616,3
616,2
616,1
616,0
615,4
615,3
615,2
615,1
615,0
614,3
614,2
614,1
614,0
613,7
613,6
613,5
613,4
613,3
613,2
613,1
613,0
612,5
612,4
612,3
612,2
612,1
612,0
611,4
611,3
611,2
611,1
611,0
610,3
610,2
610,1
610,0
609,4
609,3
609,2
609,1
609,0
608,5
608,4
608,3
608,2
608,1
608,0
607,3
607,2
607,1
607,0
606,3
606,2
606,1
606,0
605,4
605,3
605,2
605,1
605,0
604,4
604,3
604,2
604,1
604,0
603,4
603,3
603,2
603,1
603,0
602,3
602,2
602,1
602,0
601,6
601,5
601,4
601,3
601,2
601,1
601,0
600,5
600,4
600,3
600,2
600,1
600,0
599,4
599,3
599,2
599,1
599,0
598,3
598,2
598,1
598,0
597,3
597,2
597,1
597,0
596,3
596,2
596,1
596,0
595,3
595,2
595,1
595,0
594,3
594,2
594,1
594,0
593,3
593,2
593,1
593,0
592,4
592,3
592,2
592,1
592,0
591,3
591,2
591,1
591,0
590,3
590,2
590,1
590,0
589,5
589,4
589,3
589,2
589,1
589,0
588,4
588,3
588,2
588,1
588,0
587,3
587,2
587,1
587,0
586,4
586,3
586,2
586,1
586,0
585,3
585,2
585,1
585,0
584,5
584,4
584,3
584,2
584,1
584,0
583,4
583,3
583,2
583,1
583,0
582,3
582,2
582,1
582,0
581,7
581,6
581,5
581,4
581,3
581,2
581,1
581,0
580,5
580,4
580,3
580,2
580,1
580,0
579,4
579,3
579,2
579,1
579,0
578,3
578,2
578,1
578,0
577,4
577,3
577,2
577,1
577,0
576,5
576,4
576,3
576,2
576,1
576,0
575,3
575,2
575,1
575,0
574,3
574,2
574,1
574,0
573,4
573,3
573,2
573,1
573,0
572,4
572,3
572,2
572,1
572,0
571,4
571,3
571,2
571,1
571,0
570,6
570,5
570,4
570,3
570,2
570,1
570,0
569,5
569,4
569,3
569,2
569,1
569,0
568,4
568,3
568,2
568,1
568,0
567,3
567,2
567,1
567,0
566,3
566,2
566,1
566,0
565,3
565,2
565,1
565,0
564,3
564,2
564,1
564,0
563,3
563,2
563,1
563,0
562,3
562,2
562,1
562,0
561,4
561,3
561,2
561,1
561,0
560,3
560,2
560,1
560,0
559,3
559,2
559,1
559,0
558,5
558,4
558,3
558,2
558,1
558,0
557,4
557,3
557,2
557,1
557,0
556,3
556,2
556,1
556,0
555,4
555,3
555,2
555,1
555,0
554,3
554,2
554,1
554,0
553,5
553,4
553,3
553,2
553,1
553,0
552,4
552,3
552,2
552,1
552,0
551,3
551,2
551,1
551,0
550,7
550,6
550,5
550,4
550,3
550,2
550,1
550,0
549,5
549,4
549,3
549,2
549,1
549,0
548,4
548,3
548,2
548,1
548,0
547,3
547,2
547,1
547,0
546,4
546,3
546,2
546,1
546,0
545,5
545,4
545,3
545,2
545,1
545,0
544,3
544,2
544,1
544,0
543,3
543,2
543,1
543,0
542,4
542,3
542,2
542,1
542,0
541,4
541,3
541,2
541,1
541,0
540,4
540,3
540,2
540,1
540,0
539,3
539,2
539,1
539,0
538,3
538,2
538,1
538,0
537,3
537,2
537,1
537,0
536,5
536,4
536,3
536,2
536,1
536,0
535,4
535,3
535,2
535,1
535,0
534,3
534,2
534,1
534,0
533,3
533,2
533,1
533,0
532,5
532,4
532,3
532,2
532,1
532,0
531,4
531,3
531,2
531,1
531,0
530,3
530,2
530,1
530,0
529,3
529,2
529,1
529,0
528,3
528,2
528,1
528,0
527,3
527,2
527,1
527,0
526,3
526,2
526,1
526,0
525,4
525,3
525,2
525,1
525,0
524,3
524,2
524,1
524,0
523,3
523,2
523,1
523,0
522,3
522,2
522,1
522,0
521,5
521,4
521,3
521,2
521,1
521,0
520,4
520,3
520,2
520,1
520,0
519,3
519,2
519,1
519,0
518,3
518,2
518,1
518,0
517,5
517,4
517,3
517,2
517,1
517,0
516,4
516,3
516,2
516,1
516,0
515,3
515,2
515,1
515,0
514,3
514,2
514,1
514,0
513,3
513,2
513,1
513,0
512,3
512,2
512,1
512,0
511,3
511,2
511,1
511,0
510,4
510,3
510,2
510,1
510,0
509,3
509,2
509,1
509,0
508,3
508,2
508,1
508,0
507,3
507,2
507,1
507,0
506,3
506,2
506,1
506,0
505,5
505,4
505,3
505,2
505,1
505,0
504,4
504,3
504,2
504,1
504,0
503,3
503,2
503,1
503,0
502,3
502,2
502,1
502,0
501,5
501,4
501,3
501,2
501,1
501,0
500,4
500,3
500,2
500,1
500,0
499,3
499,2
499,1
499,0
498,3
498,2
498,1
498,0
497,3
497,2
497,1
497,0
496,3
496,2
496,1
496,0
495,3
495,2
495,1
495,0
494,4
494,3
494,2
494,1
494,0
493,3
493,2
493,1
493,0
492,3
492,2
492,1
492,0
491,3
491,2
491,1
491,0
490,3
490,2
490,1
490,0
489,3
489,2
489,1
489,0
488,3
488,2
488,1
488,0
487,5
487,4
487,3
487,2
487,1
487,0
486,4
486,3
486,2
486,1
486,0
485,3
485,2
485,1
485,0
484,3
484,2
484,1
484,0
483,3
483,2
